1.0137	3.12943
1.01608	5.33387
1.01707	7.53727
1.02143	8.00546
1.02241	9.56537
1.02371	10.852
1.02802	10.7134
1.02918	11.7572
1.03017	12.7933
1.03563	12.0335
1.03761	12.5409
1.03988	12.9017
1.04087	13.6388
1.04303	13.9508
1.04522	14.2232
1.04951	13.8565
1.05162	14.1212
1.05376	14.3576
1.05688	14.3238
1.05799	14.7886
1.05898	15.2677
1.06233	15.1345
1.06443	15.3078
1.0656	15.6875
1.07193	14.9034
1.07427	15.0119
1.07526	15.3844
1.07954	15.0949
1.08053	15.442
1.08167	15.7512
1.08386	15.852
1.08606	15.9447
1.08819	16.0456
1.09152	15.9309
1.09349	16.0526
1.09502	16.2454
1.10026	15.8251
1.10258	15.8851
1.10455	15.9948
1.10688	16.0481
1.10886	16.1505
1.11114	16.2039
1.11535	15.9843
1.11649	16.1963
1.11748	16.425
1.12075	16.3357
1.12301	16.3842
1.12419	16.5733
1.12731	16.5043
1.12987	16.5093
1.13054	16.6306
1.13498	16.4007
1.13597	16.5968
1.13714	16.7672
1.14344	16.3301
1.14569	16.3722
1.14668	16.5541
1.15041	16.4284
1.15239	16.4966
1.15479	16.518
1.15801	16.4529
1.15918	16.6011
1.16116	16.6635
1.16785	16.2541
1.16884	16.4129
1.16997	16.5559
1.17195	16.6148
1.1743	16.6369
1.17628	16.6935
1.17666	16.6937
1.17988	16.6334
1.18233	16.645
1.1832	16.7682
1.18669	16.6846
1.18859	16.7235
1.18989	16.8246
1.19084	16.9555
1.19206	17.0617
1.19414	17.0898
1.19951	16.8447
1.20042	16.9629
1.20252	16.989
1.20919	16.6526
1.21135	16.6851
1.21222	16.7913
1.21546	16.7385
1.21757	16.7551
1.21868	16.8578
1.22275	16.7422
1.22391	16.8471
1.22591	16.8616
1.23144	16.6445
1.23341	16.6872
1.23445	16.7716
1.23544	16.8833
1.23647	16.9749
1.2386	16.9951
1.24067	17.0189
1.24607	16.8202
1.24875	16.8111
1.25061	16.8343
1.25289	16.8524
1.2538	16.9456
1.25593	16.9646
1.25908	16.9163
1.26026	16.9971
1.26246	17.0107
1.26581	16.9503
1.26775	16.9805
1.27101	16.9275
1.27196	17.0189
1.27536	16.9577
1.27746	16.9766
1.27873	17.0466
1.27968	17.1352
1.28188	17.1465
1.28398	17.1638
1.28729	17.1087
1.28923	17.1356
1.29154	17.1406
1.29474	17.0936
1.2968	17.1126
1.29993	17.0707
1.30226	17.0748
1.30547	17.0294
1.30753	17.0485
1.3096	17.0666
1.31283	17.0215
1.31477	17.0468
1.31797	17.0036
1.32008	17.02
1.32331	16.9762
1.32525	17.0009
1.32755	17.0068
1.32949	17.031
1.33273	16.988
1.33482	17.0046
1.33693	17.0198
2.40167	8.55069
2.45693	8.25584
2.69678	7.11408
2.69876	7.13104
2.7175	7.07822
2.71964	7.0943
2.72076	7.11464
2.73347	7.08719
2.73575	7.10259
2.73773	7.11918
2.75001	7.09374
2.75225	7.10914
2.75436	7.12503
2.75748	7.13677
2.75971	7.15208
2.76169	7.16839
2.77344	7.14509
2.77561	7.16048
2.77781	7.17574
2.78218	7.18221
2.78449	7.19695
2.78704	7.21067
2.78917	7.22606
2.79135	7.24121
2.79347	7.25654
2.80534	7.23257
2.80777	7.2466
2.80975	7.26237
2.81537	7.26351
2.81749	7.27862
2.81871	7.29729
2.82284	7.30428
2.8251	7.31876
2.82608	7.33828
2.82949	7.34807
2.83146	7.36355
2.83373	7.37782
2.84227	7.3669
2.84458	7.38094
2.84656	7.39625
2.85127	7.40059
2.85325	7.41584
2.85555	7.42972
2.86318	7.42234
2.86533	7.43674
2.86743	7.45137
2.87168	7.45732
2.87381	7.47175
2.87725	7.48091
2.87922	7.49586
2.8859	7.49207
2.88788	7.50693
2.89753	7.49135
2.89967	7.50546
2.90396	7.51109
2.90612	7.52506
2.91284	7.52106
2.91383	7.53957
2.92352	7.52388
2.92562	7.53795
2.9301	7.54267
2.93221	7.55662
2.93774	7.55719
2.93971	7.57159
2.94513	7.57255
2.94612	7.59074
2.95393	7.58235
2.95607	7.59597
2.96678	7.57642
2.96776	7.5944
2.97453	7.5901
2.97651	7.6042
2.98328	7.59984
2.98526	7.61386
2.99634	7.59309
2.99832	7.60703
3.00377	7.60774
3.00598	7.62075
3.00813	7.63394
3.01338	7.63533
3.01566	7.64796
3.02112	7.64851
3.02297	7.66272
3.03258	7.64757
3.03374	7.66431
3.04345	7.64888
3.04464	7.66537
3.0522	7.65804
3.05331	7.67479
3.0607	7.66809
3.06183	7.68469
3.07381	7.66094
3.07499	7.67726
3.0824	7.67053
3.08359	7.68674
3.08889	7.68777
3.09003	7.70407
3.09748	7.69716
3.09864	7.71333
3.10832	7.69827
3.10943	7.71453
3.11904	7.69977
3.12018	7.71586
3.12781	7.70835
3.12907	7.72392
3.13641	7.71748
3.13757	7.73336
3.14922	7.71138
3.15044	7.72694
3.15781	7.72042
3.159	7.73601
3.16426	7.73705
3.16539	7.7528
3.17301	7.74535
3.17412	7.7611
3.17511	7.77729
3.18369	7.76639
3.18581	7.77847
3.19673	7.75931
3.19772	7.77533
3.20529	7.76808
3.20628	7.78404
3.2138	7.77696
3.21479	7.79285
3.22667	7.77051
3.22766	7.78631
3.23534	7.77875
3.23633	7.79449
3.24207	7.79364
3.24306	7.80932
3.2506	7.80221
3.25159	7.81782
3.25273	7.8329
3.25372	7.84849
3.26351	7.8335
3.2645	7.84901
3.27428	7.83411
3.27527	7.84956
3.28305	7.84157
3.28404	7.85695
3.29162	7.84968
3.29261	7.865
3.30466	7.84248
3.30565	7.85772
3.31318	7.85068
3.31417	7.86585
3.32014	7.86408
3.32113	7.87921
3.32895	7.87117
3.32993	7.88623
3.33104	7.90089
3.33203	7.91592
3.34168	7.9016
3.34267	7.91657
3.34506	7.9268
3.35453	7.91313
3.35568	7.92744
3.36309	7.92075
3.36421	7.93514
3.37175	7.92798
3.37287	7.94233
3.38443	7.92181
3.38593	7.93479
3.39351	7.92758
3.39465	7.94169
3.40017	7.94132
3.40133	7.95531
3.40884	7.94833
3.40996	7.96244
3.41094	7.97696
3.41209	7.99095
3.42206	7.97576
3.42321	7.98966
3.43504	7.96847
3.43632	7.98187
3.44372	7.97526
3.44485	7.98912
3.45289	7.98041
3.454	7.99427
3.46566	7.97386
3.46676	7.98766
3.47413	7.9812
3.47557	7.99389
3.48101	7.99365
3.48223	8.007
3.48964	8.00038
3.4908	8.01387
3.49179	8.0279
3.49291	8.04149
3.50242	8.02805
3.50357	8.0415
3.51536	8.02086
3.51666	8.03375
3.5242	8.02675
3.52636	8.03686
3.52735	8.05068
3.53499	8.04332
3.53598	8.05709
3.54787	8.03634
3.54885	8.05005
3.55647	8.04283
3.55746	8.05648
3.56292	8.05606
3.56391	8.06968
3.5716	8.06223
3.57259	8.0758
3.57389	8.08838
3.57487	8.10193
3.58486	8.0872
3.58585	8.10069
3.59784	8.07982
3.59883	8.09324
3.60638	8.08624
3.60737	8.09962
3.60851	8.11252
3.6095	8.12588
3.61713	8.11859
3.61811	8.1319
3.63005	8.1113
3.63104	8.12454
3.63881	8.11688
3.6398	8.13009
3.64545	8.12891
3.64644	8.14207
3.65425	8.13427
3.65524	8.14739
3.65641	8.15996
3.65739	8.17306
3.66744	8.15834
3.66843	8.17139
3.68046	8.15072
3.68145	8.1637
3.68912	8.15636
3.69011	8.1693
3.69143	8.18122
3.69242	8.19414
3.6947	8.20314
3.70089	8.20021
3.7021	8.21239
3.71419	8.19162
3.71649	8.20047
3.72399	8.19362
3.72518	8.20579
3.73043	8.2057
3.73159	8.21792
3.7393	8.21044
3.74044	8.22268
3.74143	8.23535
3.74255	8.24763
3.75202	8.23482
3.75327	8.24667
3.76517	8.22667
3.76636	8.23865
3.77369	8.23231
3.77488	8.24426
3.77586	8.25677
3.77731	8.26792
3.78461	8.26163
3.78578	8.27355
3.79758	8.25398
3.79875	8.26587
3.80825	8.25316
3.8094	8.26504
3.81471	8.26468
3.81585	8.27659
3.82364	8.26892
3.82475	8.28085
3.82574	8.29313
3.8269	8.3049
3.83643	8.29211
3.83767	8.30359
3.8496	8.28389
3.85071	8.2957
3.85812	8.2892
3.85927	8.30086
3.86026	8.31298
3.86139	8.32467
3.86889	8.31785
3.87002	8.32953
3.8805	8.31412
3.88279	8.32239
3.88477	8.33155
3.89445	8.3185
3.89543	8.33047
3.9011	8.32898
3.90209	8.34092
3.90952	8.33434
3.91051	8.34624
3.91166	8.35767
3.91265	8.36955
3.92234	8.35649
3.92333	8.36833
3.93528	8.34887
3.93627	8.36066
3.94391	8.35352
3.9449	8.36528
3.94607	8.3765
3.94706	8.38824
3.95505	8.38008
3.95604	8.39178
3.96573	8.37879
3.96672	8.39046
3.96998	8.39569
3.97097	8.40733
3.98063	8.39447
3.98162	8.40607
3.98709	8.40503
3.98808	8.4166
3.99561	8.40974
3.9966	8.42127
3.99778	8.43227
3.99877	8.44379
4.00845	8.43086
4.00944	8.44234
4.02188	8.42179
4.02286	8.43322
4.03049	8.42614
4.03148	8.43754
4.03279	8.44803
4.03378	8.45941
4.04144	8.4522
4.04243	8.46354
4.05261	8.44939
4.05359	8.46069
4.05686	8.46568
4.05785	8.47696
4.06912	8.45981
4.07011	8.47105
4.07235	8.47883
4.07661	8.48101
4.07775	8.49181
4.08515	8.48534
4.08628	8.49613
4.08727	8.5073
4.0884	8.51805
4.09791	8.50576
4.09911	8.51629
4.11085	8.49795
4.11201	8.50856
4.11943	8.50208
4.12054	8.51277
4.12153	8.52381
4.12266	8.53446
4.1303	8.52735
4.13159	8.53752
4.1414	8.5245
4.14255	8.53503
4.14563	8.54029
4.14678	8.5508
4.15847	8.53274
4.15966	8.54309
4.16502	8.54216
4.16618	8.55258
4.17359	8.54613
4.17474	8.55654
4.17573	8.56738
4.17689	8.57775
4.18647	8.56541
4.18775	8.57542
4.19959	8.55711
4.20075	8.56739
4.20811	8.5611
4.20923	8.57146
4.21022	8.58218
4.21135	8.59252
4.21885	8.58583
4.22002	8.59602
4.22946	8.58417
4.23058	8.59447
4.23368	8.5995
4.23492	8.60945
4.24683	8.59106
4.24795	8.6013
4.2535	8.59983
4.25466	8.60994
4.26245	8.60253
4.2636	8.61263
4.26459	8.62315
4.26571	8.63331
4.2667	8.64382
4.27539	8.63399
4.27754	8.6414
4.2905	8.6204
4.29149	8.63083
4.29935	8.62327
4.30034	8.63368
4.30161	8.64334
4.3026	8.65374
4.3102	8.64682
4.31119	8.65719
4.321	8.64453
4.32199	8.65486
4.32527	8.65921
4.32626	8.66952
4.33813	8.65155
4.33912	8.66183
4.34446	8.66082
4.34545	8.67108
4.35289	8.66461
4.35388	8.67484
4.35505	8.68459
4.35604	8.69481
4.35724	8.70449
4.35823	8.71469
4.36809	8.70191
4.36908	8.71208
4.38119	8.69356
4.38218	8.7037
4.38983	8.69669
4.39082	8.7068
4.39197	8.71649
4.39296	8.72659
4.40075	8.71921
4.40174	8.72929
4.41178	8.71616
4.41277	8.7262
4.41608	8.73029
4.41707	8.74032
4.42892	8.7226
4.42991	8.73258
4.43539	8.73115
4.43638	8.74112
4.44401	8.73419
4.445	8.74413
4.44614	8.75368
4.44713	8.76361
4.44829	8.7731
4.44928	8.78301
4.45159	8.78956
4.4601	8.78031
4.46132	8.78963
4.47424	8.76928
4.47536	8.77878
4.48286	8.7722
4.484	8.78162
4.48499	8.79144
4.48613	8.80085
4.49351	8.79456
4.49465	8.80396
4.50414	8.79235
4.50531	8.80164
4.50848	8.80592
4.5096	8.81533
4.52142	8.79791
4.52257	8.8072
4.52779	8.80633
4.52896	8.81557
4.53634	8.80929
4.53746	8.81863
4.53845	8.82828
4.53957	8.8376
4.54056	8.84724
4.54166	8.85659
4.5514	8.84437
4.5526	8.85345
4.5664	8.83122
4.56754	8.84041
4.57497	8.83404
4.57612	8.84318
4.57711	8.85273
4.57822	8.86198
4.5856	8.85569
4.58684	8.86459
4.59662	8.8524
4.59781	8.86139
4.601	8.86545
4.60216	8.87449
4.61376	8.85787
4.61491	8.86691
4.62017	8.86587
4.62129	8.87498
4.62883	8.86837
4.62995	8.87743
4.63094	8.88682
4.63209	8.89582
4.63308	8.9052
4.63422	8.9142
4.64401	8.90203
4.64518	8.91092
4.65912	8.8887
4.66024	8.8977
4.66761	8.89151
4.66879	8.90033
4.66978	8.90962
4.67091	8.91855
4.6719	8.92782
4.67866	8.92308
4.68084	8.92945
4.69216	8.91368
4.69315	8.92291
4.69643	8.92658
4.69742	8.93579
4.7092	8.91897
4.71019	8.92815
4.71571	8.92641
4.7167	8.93558
4.72441	8.92859
4.7254	8.93773
4.72651	8.94658
4.7275	8.95572
4.72878	8.96413
4.72977	8.97325
4.73958	8.96119
4.74056	8.97028
4.75459	8.9482
4.75558	8.95726
4.76329	8.9503
4.76428	8.95934
4.76555	8.9677
4.76654	8.97673
4.76766	8.98545
4.76865	8.99447
4.7762	8.98784
4.77718	8.99684
4.78711	8.98459
4.7881	8.99356
4.79138	8.99708
4.79237	9.00604
4.80427	8.98915
4.80526	8.99808
4.81057	8.99678
4.81156	9.00569
4.81926	8.99877
4.82025	9.00766
4.82139	9.01619
4.82238	9.02508
4.8236	9.03341
4.82459	9.04229
4.83439	9.03036
4.83538	9.03922
4.84943	9.01735
4.85042	9.02617
4.85794	9.0197
4.85893	9.0285
4.86004	9.03702
4.86102	9.04581
4.86221	9.05413
4.8632	9.06291
4.86548	9.06866
4.87168	9.06521
4.87287	9.07351
4.88373	9.05916
4.88484	9.06762
4.88815	9.07093
4.88929	9.0793
4.90092	9.06322
4.90211	9.07145
4.90735	9.07025
4.90847	9.07862
4.91588	9.07238
4.917	9.08075
4.91799	9.0894
4.9191	9.09776
4.92009	9.1064
4.92134	9.11443
4.93086	9.10326
4.93198	9.11158
4.94595	9.09019
4.94726	9.09803
4.9547	9.09177
4.95583	9.10001
4.95682	9.10857
4.95803	9.11662
4.95902	9.12518
4.96013	9.13343
4.9675	9.12728
4.9686	9.13555
4.98071	9.11853
4.9819	9.12657
4.98505	9.13011
4.98616	9.13834
4.99788	9.12229
4.99902	9.13039
5.00429	9.1291
5.00539	9.13728
5.01293	9.1308
5.01406	9.13892
5.01505	9.14735
5.01624	9.1553
5.01723	9.16373
5.01847	9.17157
5.02801	9.16049
5.02913	9.1686
5.04314	9.14742
5.04433	9.15533
5.05174	9.14917
5.05287	9.1572
5.05386	9.16554
5.05506	9.1734
5.05605	9.18174
5.05715	9.18981
5.06456	9.18362
5.06579	9.19137
5.07761	9.17525
5.07895	9.18275
5.07994	9.19103
5.08328	9.19403
5.08427	9.2023
5.09574	9.187
5.09672	9.19525
5.10443	9.18843
5.10542	9.19666
5.11318	9.18973
5.11417	9.19794
5.11532	9.20579
5.11631	9.214
5.11751	9.22172
5.1185	9.22992
5.1286	9.21773
5.12959	9.2259
5.14379	9.20463
5.14478	9.21278
5.15269	9.20555
5.15368	9.21368
5.15483	9.22145
5.15582	9.22958
5.15694	9.23742
5.15792	9.24553
5.16568	9.23862
5.16667	9.24672
5.17872	9.23031
5.17971	9.23838
5.18089	9.24603
5.18188	9.2541
5.18519	9.25702
5.18618	9.26508
5.19584	9.25396
5.19683	9.262
5.20444	9.25543
5.20543	9.26345
5.21324	9.25647
5.21423	9.26447
5.21537	9.27213
5.21636	9.28012
5.21748	9.28781
5.21847	9.2958
5.22841	9.28409
5.2294	9.29206
5.24372	9.27081
5.24471	9.27875
5.25232	9.27223
5.25331	9.28016
5.25447	9.2877
5.25546	9.29561
5.25674	9.30289
5.25773	9.31081
5.26551	9.30388
5.2665	9.31177
5.27895	9.29468
5.27994	9.30255
5.28109	9.31008
5.28208	9.31794
5.28543	9.32066
5.28642	9.32851
5.28869	9.33358
5.29875	9.3217
5.29992	9.32915
5.30727	9.32317
5.3085	9.33047
5.31598	9.32423
5.31713	9.33168
5.31812	9.33948
5.31933	9.34679
5.32031	9.35458
5.32144	9.36206
5.33111	9.35106
5.33226	9.35847
5.34594	9.3389
5.34705	9.34636
5.35462	9.33996
5.35576	9.34737
5.35675	9.35509
5.35803	9.36218
5.35902	9.3699
5.36028	9.37701
5.36773	9.37085
5.36885	9.37825
5.38057	9.36295
5.38173	9.37026
5.38272	9.37793
5.38387	9.38524
5.38704	9.38824
5.3882	9.39552
5.39997	9.38015
5.40118	9.38731
5.40863	9.38117
5.41005	9.38787
5.41745	9.38185
5.41858	9.38915
5.41957	9.39675
5.42084	9.40375
5.42183	9.41134
5.42296	9.41864
5.43272	9.40757
5.43387	9.4148
5.44769	9.39519
5.44889	9.40229
5.45645	9.39597
5.45774	9.40287
5.45873	9.4104
5.45988	9.41757
5.46087	9.4251
5.46207	9.43218
5.46975	9.42557
5.4711	9.43231
5.48285	9.41715
5.48399	9.42432
5.48498	9.4318
5.48608	9.43904
5.48927	9.44188
5.49038	9.44911
5.50221	9.43381
5.50332	9.44099
5.51079	9.43487
5.51292	9.43993
5.5139	9.44736
5.52185	9.44025
5.52284	9.44766
5.52409	9.45453
5.52508	9.46194
5.52625	9.46896
5.52724	9.47637
5.53711	9.4652
5.5381	9.47259
5.55222	9.45261
5.55321	9.45998
5.56103	9.45316
5.56202	9.46051
5.56314	9.46759
5.56413	9.47493
5.56546	9.48156
5.56645	9.4889
5.57398	9.48265
5.57497	9.48997
5.58696	9.47451
5.58795	9.48181
5.58913	9.48873
5.59011	9.49602
5.59348	9.49841
5.59447	9.5057
5.60703	9.48907
5.60802	9.49634
5.61582	9.48959
5.61681	9.49684
5.61813	9.50341
5.61912	9.51066
5.62698	9.50378
5.62797	9.51101
5.62908	9.51799
5.63007	9.52522
5.63118	9.53219
5.63217	9.53942
5.64189	9.52868
5.64287	9.53589
5.65719	9.51579
5.65818	9.52297
5.66583	9.51654
5.66682	9.52371
5.66795	9.5306
5.66894	9.53776
5.67009	9.54459
5.67108	9.55175
5.67916	9.54441
5.68015	9.55156
5.69233	9.5359
5.69332	9.54302
5.69443	9.54991
5.69542	9.55703
5.69873	9.55943
5.69971	9.56654
5.71149	9.55172
5.71248	9.55882
5.72004	9.5526
5.72103	9.55968
5.72232	9.56614
5.72331	9.57322
5.73081	9.5671
5.7318	9.57416
5.73297	9.58087
5.73396	9.58792
5.73509	9.59468
5.73608	9.60173
5.7384	9.60607
5.74674	9.59822
5.74795	9.60483
5.76316	9.58316
5.76429	9.58988
5.77184	9.5837
5.77299	9.59037
5.77398	9.59737
5.77512	9.60404
5.77611	9.61103
5.77727	9.61768
5.78464	9.61182
5.78583	9.61839
5.79751	9.60392
5.79863	9.61062
5.79962	9.61757
5.80073	9.62426
5.80394	9.62677
5.80506	9.63344
5.81674	9.61898
5.81792	9.62554
5.82542	9.61945
5.82655	9.6261
5.82753	9.63301
5.82866	9.63965
5.8361	9.63369
5.8373	9.64016
5.83828	9.64706
5.83947	9.65355
5.84046	9.66043
5.84179	9.66664
5.85146	9.65621
5.85262	9.66273
5.86851	9.64
5.86972	9.64642
5.87722	9.64038
5.87838	9.64688
5.87937	9.65371
5.8809	9.65947
5.88189	9.6663
5.88299	9.67288
5.8907	9.66641
5.89187	9.67286
5.90358	9.65852
5.90476	9.66492
5.90575	9.67172
5.90694	9.67812
5.91007	9.68067
5.91122	9.68713
5.92318	9.67231
5.92442	9.67859
5.93188	9.67264
5.93305	9.67904
5.93404	9.68579
5.93525	9.69209
5.94258	9.6864
5.94386	9.69258
5.94485	9.69931
5.94598	9.70576
5.94697	9.71249
5.94818	9.71876
5.95795	9.70827
5.95912	9.71464
5.9601	9.72134
5.97697	9.69703
5.97795	9.70371
5.98574	9.69716
5.98673	9.70383
5.98792	9.71012
5.98891	9.71679
5.99005	9.72317
5.99103	9.72983
5.99771	9.72541
5.99989	9.72975
6.0128	9.71324
6.01379	9.71988
6.01504	9.726
6.01603	9.73263
6.01949	9.73447
6.02048	9.74109
6.03285	9.72568
6.03383	9.73229
6.04132	9.72634
6.04231	9.73294
6.0436	9.73895
6.04459	9.74555
6.05237	9.73901
6.05336	9.74559
6.05451	9.75185
6.0555	9.75843
6.05663	9.76473
6.05762	9.77129
6.06761	9.76049
6.0686	9.76705
6.06972	9.77335
6.07071	9.7799
6.08689	9.75722
6.08788	9.76375
6.09567	9.75724
6.09666	9.76376
6.09784	9.76992
6.09882	9.77643
6.09998	9.78263
6.10097	9.78914
6.10883	9.78246
6.10982	9.78896
6.12221	9.77365
6.1232	9.78014
6.12563	9.78387
6.12761	9.78846
6.1299	9.79245
6.13187	9.79703
6.14194	9.78619
6.14412	9.79039
6.15126	9.78513
6.15338	9.78942
6.15836	9.78828
6.16047	9.7926
6.16655	9.78938
6.16753	9.7958
6.17343	9.79293
6.17442	9.79934
6.17558	9.80543
6.17771	9.80969
6.19036	9.79403
6.19252	9.79822
6.19616	9.7996
6.19715	9.80599
6.21122	9.78774
6.21338	9.79191
6.22167	9.78458
6.22266	9.79093
6.225	9.79475
6.22945	9.79462
6.23061	9.80064
6.2339	9.80268
6.23501	9.80879
6.24568	9.79702
6.24796	9.80092
6.25406	9.79772
6.25519	9.80376
6.25618	9.81007
6.25737	9.81601
6.25836	9.82232
6.25948	9.82838
6.26047	9.83469
6.26157	9.84077
6.26256	9.84707
6.26384	9.85283
6.26483	9.85912
6.26596	9.86514
6.27448	9.85733
6.27689	9.86097
6.28337	9.85698
6.2859	9.86037
6.28905	9.86261
6.29119	9.86673
6.30208	9.85455
6.3042	9.85869
6.30942	9.85707
6.31189	9.86056
6.31723	9.85872
6.31947	9.86264
6.32823	9.85448
6.33055	9.85822
6.33704	9.85426
6.33821	9.86015
6.34376	9.85793
6.34595	9.86191
6.35664	9.85023
6.35877	9.85432
6.36611	9.84883
6.36855	9.85235
6.37264	9.85282
6.3749	9.85667
6.37798	9.85899
6.37911	9.86489
6.38321	9.86534
6.38552	9.86908
6.38862	9.87136
6.38976	9.87722
6.39388	9.87763
6.39619	9.88134
6.40578	9.87175
6.4079	9.8758
6.4165	9.86804
6.4176	9.87394
6.425	9.86838
6.4273	9.8721
6.43693	9.86251
6.43807	9.86833
6.44335	9.86663
6.44574	9.87018
6.45409	9.86292
6.45644	9.86654
6.46717	9.85502
6.46949	9.85868
6.47684	9.85327
6.47894	9.85732
6.48742	9.8499
6.48954	9.8539
6.49053	9.85994
6.50167	9.84777
6.50365	9.85202
6.51371	9.84182
6.5147	9.84783
6.52368	9.83958
6.52467	9.84558
6.53217	9.83999
6.53415	9.84422
6.53894	9.84344
6.54092	9.84767
6.54874	9.84152
6.55091	9.84538
6.55638	9.84341
6.55836	9.84763
6.57151	9.83207
6.5725	9.83802
6.58236	9.82833
6.58434	9.83253
6.59203	9.82667
6.59434	9.83028
6.60453	9.82005
6.60651	9.82423
6.61538	9.81635
6.61736	9.82053
6.62715	9.81107
6.62927	9.81498
6.64115	9.80192
6.64312	9.80609
6.6528	9.79688
6.65379	9.80275
6.70234	9.72682
6.70432	9.73096
6.70545	9.73655
6.70756	9.74045
6.70971	9.7443
6.71183	9.74818
6.71406	9.75189
6.71623	9.7557
6.71838	9.75952
6.72068	9.76309
6.7228	9.76697
6.7251	9.77054
6.73266	9.76513
6.73463	9.76924
6.76311	9.72841
6.7641	9.73418
6.76528	9.73963
6.76726	9.74372
6.76974	9.74696
6.77073	9.75272
6.7979	9.71442
6.79889	9.72016
6.80099	9.72403
6.80316	9.72777
6.80534	9.73152
6.80763	9.73506
6.81735	9.72616
6.81834	9.73188
6.8607	9.66885
6.86268	9.67291
6.86378	9.67839
6.86477	9.68407
6.86712	9.6875
6.8691	9.69154
6.87023	9.69698
6.87233	9.70082
6.87891	9.69725
6.88116	9.70084
6.88773	9.69729
6.89002	9.7008
6.89433	9.70099
6.89653	9.70463
6.89983	9.70647
6.90181	9.71049
6.90844	9.70684
6.91042	9.71085
6.92129	9.70026
6.92327	9.70426
6.94192	9.68101
6.94291	9.68662
6.9483	9.68506
6.94928	9.69066
6.95379	9.69053
6.95576	9.69452
6.97883	9.66429
6.98106	9.66786
6.9868	9.66574
6.98878	9.66971
6.9953	9.66634
6.99629	9.6719
7.00451	9.6658
7.00649	9.66975
7.03802	9.62636
7.04013	9.6301
7.04342	9.63196
7.04539	9.6359
7.04787	9.63904
7.05993	9.62694
7.06205	9.63064
7.06418	9.63433
7.06634	9.63797
7.06733	9.64346
7.0699	9.64644
7.08056	9.63659
7.08184	9.64161
7.08824	9.63851
7.09042	9.6421
7.09479	9.64223
7.0969	9.64592
7.11532	9.62389
7.1178	9.62699
7.11978	9.63089
7.1211	9.63582
7.1354	9.62034
7.13651	9.62559
7.16768	9.5839
7.16882	9.58907
7.16981	9.59449
7.21551	9.53085
7.21649	9.53623
7.21768	9.54131
7.21965	9.54517
7.22261	9.54753
7.22459	9.55139
7.22707	9.55447
7.2302	9.55654
7.23193	9.56077
7.23391	9.56462
7.23631	9.56781
7.23829	9.57165
7.24058	9.575
7.24256	9.57884
7.24502	9.58194
7.247	9.58577
7.24941	9.58893
7.25139	9.59275
7.25363	9.59616
7.25462	9.6015
7.25673	9.60512
7.25981	9.60724
7.26213	9.61053
7.26522	9.61264
7.26738	9.61617
7.29988	9.57337
7.30203	9.5769
7.30416	9.58047
7.30529	9.58556
7.30628	9.59085
7.3085	9.59427
7.31063	9.59782
7.31192	9.60265
7.31291	9.60794
7.31416	9.61283
7.31827	9.61337
7.32054	9.6167
7.32252	9.62047
7.32368	9.62549
7.32582	9.629
7.32796	9.63253
7.32894	9.6378
7.3313	9.64099
7.33328	9.64475
7.33446	9.64972
7.33545	9.65499
7.33777	9.65821
7.33975	9.66196
7.34212	9.66511
7.3474	9.66383
7.34959	9.66724
7.35484	9.666
7.35717	9.66921
7.36238	9.66803
7.3645	9.67154
7.37095	9.66849
7.37304	9.67204
7.3786	9.67034
7.3809	9.67357
7.39576	9.6578
7.39708	9.66252
7.39917	9.66605
7.4013	9.66954
7.40229	9.67474
7.40551	9.67657
7.4065	9.68177
7.412	9.68015
7.41299	9.68535
7.41742	9.68534
7.41939	9.68904
7.42602	9.68572
7.428	9.68941
7.43236	9.68951
7.43434	9.69319
7.43768	9.69482
7.43986	9.6982
7.44428	9.6982
7.44527	9.70336
7.45065	9.70192
7.45276	9.70539
7.45704	9.70559
7.45916	9.70905
7.46469	9.70738
7.46666	9.71105
7.47197	9.70971
7.47414	9.71308
7.47967	9.71141
7.48066	9.71655
7.48846	9.71148
7.49043	9.71512
7.49818	9.71014
7.50042	9.71339
7.50589	9.71182
7.50787	9.71546
7.52037	9.70341
7.52266	9.70657
7.5259	9.70832
7.52788	9.71195
7.53233	9.71189
7.53431	9.71551
7.53869	9.71557
7.53968	9.72065
7.54517	9.71904
7.54715	9.72266
7.55359	9.71964
7.55458	9.72471
7.56228	9.71983
7.56327	9.7249
7.57081	9.72028
7.57179	9.72534
7.57506	9.72704
7.57703	9.73064
7.58366	9.72735
7.58564	9.73094
7.59241	9.72745
7.5934	9.73249
7.59994	9.72935
7.60221	9.7325
7.60757	9.7311
7.60954	9.73467
7.61276	9.73643
7.61487	9.7398
7.62146	9.73658
7.62245	9.7416
7.63014	9.73676
7.63226	9.74013
7.64031	9.73478
7.64228	9.73834
7.64802	9.73638
7.65015	9.73971
7.65805	9.73459
7.66003	9.73814
7.66447	9.73809
7.66645	9.74163
7.67082	9.74167
7.6728	9.74521
7.67819	9.74376
7.67918	9.74874
7.68472	9.74707
7.68571	9.75204
7.68799	9.75513
7.69327	9.75384
7.69537	9.75719
7.70187	9.75412
7.70403	9.75738
7.7093	9.75611
7.71173	9.75896
7.71794	9.75633
7.72032	9.75925
7.72654	9.75661
7.72767	9.76133
7.73417	9.75828
7.73633	9.76152
7.74274	9.7586
7.74488	9.76185
7.7492	9.76196
7.75135	9.7652
7.75563	9.76536
7.75773	9.76867
7.76211	9.76868
7.76421	9.772
7.77181	9.76737
7.77444	9.76991
7.782	9.76534
7.78409	9.76865
7.79053	9.76569
7.79268	9.76891
7.80016	9.76448
7.80243	9.76752
7.80651	9.76796
7.80879	9.771
7.81293	9.77135
7.81515	9.77445
7.81931	9.77478
7.82162	9.77776
7.8271	9.7762
7.82953	9.77899
7.83375	9.77922
7.83593	9.78239
7.84234	9.77948
7.8445	9.78267
7.8513	9.77922
7.85257	9.78365
7.86001	9.7793
7.86212	9.78253
7.8685	9.77969
7.87064	9.78289
7.87742	9.77948
7.87952	9.78273
7.88376	9.78294
7.88593	9.78607
7.89016	9.78629
7.89231	9.78946
7.89671	9.78944
7.89893	9.79249
7.9042	9.79124
7.90663	9.794
7.91314	9.79098
7.91443	9.79535
7.9219	9.79098
7.92447	9.79353
7.93189	9.78924
7.93399	9.79246
7.94154	9.78798
7.94272	9.7925
7.94794	9.79131
7.94909	9.79586
7.95587	9.79248
7.95798	9.79567
7.96318	9.79452
7.96445	9.79888
7.96978	9.79754
7.97089	9.80213
7.97634	9.80062
7.97745	9.80522
7.98394	9.80223
7.98637	9.80496
7.98736	9.80971
7.99502	9.8051
7.99601	9.80984
8.00378	9.80509
8.00477	9.80982
8.01226	9.80546
8.01324	9.81019
8.02087	9.80564
8.023	9.80878
8.02729	9.80889
8.02828	9.81361
8.03483	9.81057
8.0368	9.81391
8.0422	9.81248
8.04436	9.81556
8.04862	9.81572
8.07903	9.7796
8.08129	9.78253
8.08355	9.78546
8.08569	9.78856
8.0878	9.7917
8.0892	9.79582
8.09118	9.79913
8.0936	9.80182
8.09459	9.8065
8.09571	9.811
8.09769	9.81431
8.10008	9.81704
8.10205	9.82035
8.10541	9.82175
8.10768	9.82463
8.1136	9.82249
8.11459	9.82715
8.11996	9.82576
8.12095	9.83042
8.12767	9.82716
8.1298	9.83024
8.13345	9.83123
8.13542	9.83452
8.13775	9.83732
8.13972	9.8406
8.14313	9.84192
8.14522	9.84503
8.14637	9.84945
8.14835	9.85273
8.15501	9.84955
8.15699	9.85282
8.16241	9.85135
8.16456	9.85437
8.16988	9.85305
8.17185	9.85631
8.17633	9.85614
8.17732	9.86075
8.20035	9.83517
8.20233	9.83842
8.2067	9.83839
8.20868	9.84164
8.21228	9.84268
8.21327	9.84728
8.21654	9.84875
8.21753	9.85334
8.22305	9.85175
8.22404	9.85634
8.22846	9.85624
8.23044	9.85947
8.23578	9.85812
8.23677	9.8627
8.24228	9.86111
8.2445	9.86401
8.25092	9.86119
8.25345	9.86367
8.26114	9.85913
8.26312	9.86235
8.27432	9.85304
8.2763	9.85626
8.28111	9.85564
8.28309	9.85885
8.28642	9.86023
8.28741	9.86478
8.29302	9.86306
8.29515	9.86606
8.29727	9.86907
8.30036	9.87077
8.30264	9.87356
8.30891	9.87096
8.31017	9.87511
8.31573	9.87348
8.31798	9.8763
8.32427	9.87368
8.32548	9.87789
8.32983	9.87788
8.3328	9.87972
8.3511	9.86096
8.35339	9.86373
8.35749	9.86406
8.3586	9.86839
8.36298	9.86835
8.36515	9.87126
8.36827	9.8729
8.37064	9.87555
8.37609	9.87406
8.37732	9.87823
8.38276	9.87676
8.38397	9.88096
8.39047	9.87806
8.39298	9.8805
8.39831	9.87918
8.39949	9.8834
8.40486	9.88203
8.40633	9.88585
8.4147	9.88048
8.41704	9.88315
8.4296	9.87222
8.43185	9.87498
8.43717	9.8737
8.43841	9.87781
8.44151	9.87946
8.44266	9.88369
8.44803	9.88233
8.44915	9.88659
8.45229	9.88818
8.45341	9.89244
8.4598	9.88973
8.46212	9.8924
8.46627	9.89264
8.46853	9.89538
8.47384	9.89409
8.47612	9.89682
8.48054	9.8967
8.48178	9.90078
8.50003	9.88241
8.50221	9.88526
8.50752	9.88397
8.50981	9.88667
8.51296	9.88823
8.51518	9.89102
8.51995	9.89045
8.52217	9.89323
8.52654	9.89318
8.52764	9.89743
8.53294	9.89616
8.53508	9.89904
8.54147	9.89634
8.54366	9.89915
8.54887	9.898
8.55112	9.90073
8.55643	9.89945
8.55857	9.90231
8.56805	9.89558
8.57033	9.89826
8.58303	9.88735
8.58421	9.89145
8.58949	9.89023
8.59204	9.89255
8.59402	9.89562
8.59627	9.89833
8.60162	9.89701
8.60372	9.89991
8.60691	9.9014
8.60805	9.90555
8.61543	9.90158
8.61659	9.90571
8.62099	9.90561
8.62312	9.90847
8.62847	9.90713
8.63081	9.90972
8.63279	9.91277
8.63726	9.91258
8.63924	9.91563
8.65331	9.903
8.65542	9.90587
8.66319	9.90142
8.66517	9.90446
8.66951	9.90444
8.67149	9.90748
8.67693	9.90604
8.67792	9.91035
8.68124	9.91165
8.68347	9.91435
8.69116	9.91002
8.69215	9.91432
8.69783	9.91257
8.69882	9.91687
8.70437	9.91528
8.70635	9.9183
8.71195	9.91667
8.71404	9.91953
8.72181	9.91511
8.7228	9.91939
8.73767	9.90587
8.7398	9.90868
8.7452	9.90731
8.74619	9.91158
8.74943	9.91297
8.7514	9.91597
8.7569	9.91448
8.75909	9.9172
8.76252	9.91834
8.7645	9.92134
8.77117	9.91834
8.77315	9.92134
8.77662	9.92242
8.77887	9.92506
8.78453	9.92335
8.78651	9.92634
8.79085	9.92632
8.79183	9.93056
8.79964	9.92612
8.80063	9.93036
8.81361	9.91935
8.81575	9.92212
8.82432	9.91673
8.8265	9.91945
8.8308	9.91948
8.83301	9.92215
8.83648	9.92323
8.83747	9.92745
8.84296	9.92597
8.84494	9.92893
8.84932	9.92885
8.8503	9.93307
8.85778	9.92908
8.85976	9.93203
8.86318	9.93317
8.86531	9.93593
8.87076	9.93449
8.87274	9.93744
8.87953	9.93432
8.8815	9.93727
8.89436	9.92653
8.89633	9.92947
8.90397	9.9253
8.90496	9.92948
8.90938	9.92935
8.91136	9.93229
8.91466	9.93357
8.91565	9.93775
8.92102	9.93642
8.92201	9.94059
8.93091	9.93483
8.93289	9.93776
8.93736	9.93757
8.93934	9.94049
8.94487	9.93897
8.947	9.9417
8.9502	9.94309
8.95218	9.94601
8.95917	9.94266
8.96115	9.94558
8.96364	9.94785
8.97871	9.93444
8.97987	9.93837
8.98724	9.93456
8.98836	9.93854
8.99358	9.93741
8.99589	9.9399
8.999	9.9414
9.0013	9.9439
9.00676	9.94248
9.00906	9.94497
9.0122	9.94643
9.01431	9.94917
9.02079	9.94647
9.02195	9.95038
9.02948	9.94639
9.0306	9.95034
9.03579	9.94925
9.03694	9.95316
9.04318	9.95077
9.04557	9.95315
9.05762	9.94358
9.05878	9.94747
9.06616	9.94368
9.06835	9.9463
9.07469	9.9438
9.0768	9.94652
9.07892	9.94921
9.08023	9.95291
9.08547	9.95176
9.08771	9.9543
9.09416	9.95167
9.0963	9.95433
9.10051	9.95446
9.10171	9.95827
9.10939	9.95413
9.11059	9.95795
9.11598	9.95662
9.11712	9.9605
9.12335	9.95814
9.12563	9.96062
9.13836	9.95031
9.1406	9.95284
9.14698	9.95031
9.14932	9.95271
9.15468	9.95143
9.15582	9.9553
9.16354	9.95113
9.16473	9.95493
9.16888	9.95512
9.17129	9.95744
9.17441	9.95888
9.17654	9.96153
9.18297	9.95895
9.18507	9.96163
9.1915	9.95905
9.19363	9.96169
9.19806	9.96153
9.20023	9.96413
9.20545	9.96302
9.20788	9.9653
9.22112	9.95446
9.22338	9.95694
9.22962	9.9546
9.23197	9.95697
9.23734	9.95568
9.23952	9.95826
9.24488	9.95698
9.24613	9.96067
9.25151	9.95938
9.25266	9.96318
9.25799	9.96194
9.26024	9.96441
9.26451	9.96445
9.26569	9.96822
9.27304	9.96455
9.2742	9.96834
9.28189	9.96426
9.28303	9.96806
9.28741	9.96797
9.28958	9.97054
9.3013	9.96162
9.30372	9.96388
9.31217	9.95891
9.31343	9.96256
9.31866	9.96145
9.31985	9.96518
9.32738	9.96132
9.32961	9.96379
9.33159	9.96657
9.33489	9.96778
9.33704	9.97034
9.34394	9.96724
9.34493	9.9712
9.35045	9.96974
9.35257	9.97234
9.35814	9.97083
9.36012	9.9736
9.3646	9.97338
9.36658	9.97615
9.37221	9.97456
9.37449	9.97696
9.38881	9.96505
9.39078	9.96781
9.39515	9.96774
9.39713	9.9705
9.40379	9.96769
9.40577	9.97045
9.41276	9.96726
9.41375	9.97119
9.41925	9.96976
9.42123	9.97251
9.42564	9.97238
9.42663	9.9763
9.43202	9.975
9.434	9.97775
9.44061	9.97501
9.4416	9.97892
9.44712	9.97748
9.44811	9.98139
9.45361	9.97997
9.45558	9.98271
9.46765	9.97354
9.46984	9.97603
9.47743	9.97216
9.47841	9.97605
9.48471	9.97371
9.48683	9.97626
9.49449	9.97231
9.49548	9.9762
9.49993	9.97602
9.50206	9.97856
9.50539	9.9797
9.50737	9.98242
9.51401	9.97968
9.515	9.98355
9.52252	9.97977
9.52351	9.98364
9.52908	9.98215
9.53007	9.98602
9.53587	9.98426
9.53686	9.98812
9.54462	9.98407
9.5466	9.98678
9.55978	9.97641
9.56175	9.97912
9.56724	9.97773
9.56938	9.98025
9.57711	9.97625
9.57908	9.97895
9.58462	9.97751
9.58561	9.98135
9.59125	9.97979
9.59224	9.98363
9.59776	9.98221
9.59875	9.98605
9.60532	9.98341
9.6073	9.9861
9.61167	9.986
9.61365	9.98868
9.61811	9.98849
9.62008	9.99118
9.62563	9.98973
9.62781	9.99218
9.6366	9.98697
9.63872	9.98948
9.64753	9.98426
9.64967	9.98675
9.65614	9.98424
9.65828	9.98672
9.66608	9.98268
9.66806	9.98535
9.67249	9.98519
9.67447	9.98786
9.67684	9.99007
9.67882	9.99274
9.68535	9.99015
9.68733	9.99282
9.68956	9.99518
9.69599	9.99272
9.6971	9.99638
9.70242	9.99519
9.70361	9.99875
9.70927	9.99719
9.71157	9.99946
9.71922	9.99561
9.72134	9.9981
9.73427	9.9882
9.73542	9.9918
9.74184	9.98936
9.74447	9.99126
9.75198	9.98759
9.75325	9.99104
9.75902	9.98936
9.76111	9.99187
9.76649	9.99062
9.76884	9.99284
9.77209	9.99403
9.77325	9.99758
9.78075	9.99393
9.78186	9.99755
9.78709	9.99648
9.78923	9.99893
9.79449	9.99782
9.79677	10.0001
9.80415	9.99659
9.80546	9.99998
9.81284	9.99646
9.81494	9.99896
9.82459	9.99288
9.82685	9.99518
9.83232	9.99384
9.83446	9.99628
9.84195	9.99266
9.84424	9.99491
9.84836	9.99511
9.85064	9.99738
9.85478	9.99754
9.85711	9.99976
9.86251	9.99851
9.86364	10.0021
9.86895	10.0009
9.87106	10.0034
9.87631	10.0023
9.87873	10.0044
9.88305	10.0044
9.88531	10.0066
9.89274	10.0031
9.89487	10.0055
9.90667	9.99708
9.90892	9.99937
9.91755	9.99449
9.9187	9.99801
9.92604	9.99459
9.92826	9.99691
9.93446	9.99477
9.93566	9.99824
9.94091	9.99715
9.94321	9.99938
9.94739	9.9995
9.94854	10.003
9.95497	10.0006
9.95717	10.0029
9.96248	10.0018
9.96361	10.0053
9.96893	10.0042
9.9701	10.0076
9.97646	10.0053
9.98241	10.0035
9.9857	10.0046
9.98803	10.0068
9.99994	9.99829
10.0022	10.0005
10.0079	9.999
10.0101	10.0013
10.0167	9.99869
10.0188	10.0011
10.0231	10.0012
10.0252	10.0036
10.0304	10.0025
10.0327	10.0047
10.0379	10.0037
10.0401	10.006
10.0443	10.0061
10.0465	10.0084
10.0509	10.0083
10.053	10.0107
10.0573	10.0107
10.0594	10.0132
10.0615	10.0155
10.0702	10.0107
10.0711	10.0143
10.0789	10.0105
10.0799	10.0141
10.0931	10.0044
10.095	10.0069
10.1027	10.0032
10.1049	10.0055
10.1105	10.0041
10.1125	10.0066
10.1193	10.0037
10.1203	10.0074
10.1258	10.006
10.1268	10.0097
10.1321	10.0085
10.1331	10.0121
10.1385	10.0109
10.1395	10.0145
10.145	10.0132
10.1469	10.0158
10.1524	10.0144
10.1546	10.0168
10.1633	10.0119
10.1654	10.0143
10.1743	10.0093
10.1764	10.0116
10.185	10.0069
10.1871	10.0093
10.1948	10.0056
10.1968	10.0081
10.199	10.0103
10.201	10.0128
10.2078	10.0101
10.2088	10.0137
10.2141	10.0125
10.2161	10.015
10.2207	10.0147
10.2227	10.0172
10.2281	10.0159
10.2303	10.0182
10.2346	10.0182
10.2367	10.0205
10.241	10.0205
10.2432	10.0227
10.2496	10.0205
10.2517	10.0228
10.2602	10.0183
10.2623	10.0206
10.2731	10.0136
10.2753	10.0159
10.283	10.0122
10.284	10.0157
10.2907	10.0131
10.2928	10.0154
10.2993	10.013
10.3015	10.0153
10.3048	10.0164
10.3068	10.0188
10.3114	10.0184
10.3134	10.0209
10.3188	10.0197
10.3209	10.0221
10.3251	10.0222
10.3273	10.0243
10.3338	10.022
10.336	10.0242
10.3436	10.0206
10.3456	10.0231
10.3554	10.0172
10.3576	10.0194
10.3662	10.0148
10.3683	10.0171
10.376	10.0135
10.3779	10.0159
10.3802	10.0181
10.3822	10.0206
10.3897	10.0171
10.3907	10.0206
10.3952	10.0203
10.3972	10.0228
10.4016	10.0226
10.4036	10.0251
10.4102	10.0226
10.4122	10.025
10.4167	10.0248
10.4187	10.0272
10.4241	10.0261
10.4489	10.0043
10.4501	10.0076
10.4524	10.0096
10.4546	10.0119
10.4555	10.0154
10.4578	10.0175
10.4769	10.0019
10.4793	10.0038
10.4803	10.0073
10.4824	10.0096
10.4845	10.0119
10.4866	10.0142
10.4887	10.0165
10.4899	10.0198
10.4908	10.0233
10.493	10.0256
10.4952	10.0277
10.4974	10.0299
10.5018	10.0298
10.503	10.0331
10.5082	10.0321
10.5094	10.0353
10.5158	10.0331
10.5183	10.035
10.5235	10.0339
10.5257	10.0362
10.5289	10.0372
10.5312	10.0394
10.5345	10.0404
10.5368	10.0424
10.5474	10.0358
10.5485	10.0391
10.5516	10.0403
10.5528	10.0436
10.5602	10.0403
10.5623	10.0425
10.5655	10.0437
10.5678	10.0458
10.5752	10.0424
10.5775	10.0445
10.584	10.0422
10.5851	10.0455
10.5882	10.0467
10.5903	10.049
10.6109	10.0319
10.6133	10.0339
10.6153	10.0363
10.6175	10.0384
10.6206	10.0396
10.6228	10.0418
10.6378	10.0306
10.639	10.0339
10.6463	10.0307
10.6474	10.0339
10.6505	10.0352
10.6526	10.0374
10.658	10.0363
10.6602	10.0384
10.6634	10.0396
10.6646	10.0427
10.6712	10.0403
10.6736	10.0423
10.6767	10.0435
10.6779	10.0467
10.6862	10.0424
10.6885	10.0445
10.697	10.0402
10.6992	10.0423
10.7079	10.0377
10.7103	10.0396
10.7123	10.042
10.7146	10.0441
10.7209	10.0419
10.7234	10.0438
10.7355	10.0357
10.7377	10.0378
10.7409	10.0389
10.7421	10.0421
10.7506	10.0377
10.7528	10.0399
10.756	10.041
10.7571	10.0442
10.7637	10.0419
10.7658	10.0441
10.7701	10.0441
10.7723	10.0462
10.7767	10.0461
10.7788	10.0483
10.7937	10.0373
10.7959	10.0395
10.799	10.0406
10.8002	10.0438
10.8056	10.0426
10.8336	10.0184
10.8356	10.0208
10.8367	10.024
10.8377	10.0273
10.8401	10.0293
10.842	10.0316
10.8432	10.0348
10.8442	10.0382
10.8465	10.0401
10.8485	10.0424
10.8509	10.0443
10.8529	10.0467
10.8563	10.0475
10.8573	10.0508
10.862	10.0505
10.864	10.0528
10.8696	10.0514
10.8706	10.0548
10.8828	10.0466
10.885	10.0488
10.8926	10.0453
10.8946	10.0477
10.8991	10.0474
10.9001	10.0507
10.9098	10.0452
10.9118	10.0476
10.9142	10.0495
10.9161	10.0518
10.9186	10.0536
10.9206	10.0559
10.9229	10.0579
10.9249	10.0602
10.9316	10.0577
10.9336	10.06
10.9403	10.0575
10.9413	10.0608
10.9447	10.0618
10.9466	10.0641
10.9512	10.0637
10.9532	10.0661
10.9639	10.0595
10.9649	10.0628
10.9716	10.0604
10.9739	10.0624
10.9803	10.0602
10.9824	10.0624
11.005	10.0439
11.007	10.0462
11.0093	10.0482
11.0113	10.0505
11.0161	10.05
11.018	10.0523
11.0225	10.0521
11.0235	10.0554
11.0289	10.0542
11.0299	10.0575
11.0342	10.0574
11.0363	10.0596
11.0397	10.0605
11.0417	10.0627
11.0472	10.0615
11.0495	10.0634
11.0575	10.0598
11.0594	10.062
11.0691	10.0567
11.0712	10.0588
11.0792	10.0551
11.0812	10.0574
11.089	10.0539
11.0912	10.0559
11.1037	10.0477
11.1057	10.05
11.1116	10.0483
11.1126	10.0516
11.1171	10.0513
11.1191	10.0536
11.1215	10.0554
11.1235	10.0577
11.1289	10.0565
11.131	10.0587
11.1354	10.0585
11.1364	10.0618
11.1411	10.0613
11.1431	10.0636
11.1486	10.0624
11.1496	10.0656
11.1585	10.061
11.1604	10.0633
11.168	10.0601
11.1702	10.0621
11.1779	10.0587
11.1799	10.061
11.1984	10.0468
11.1994	10.0501
11.2052	10.0486
11.2061	10.0519
11.2115	10.0508
11.2634	10.0041
11.2655	10.0063
11.2676	10.0084
11.2698	10.0104
11.2719	10.0125
11.274	10.0146
11.2762	10.0167
11.2783	10.0189
11.2804	10.021
11.2816	10.024
11.2835	10.0263
11.2868	10.0272
11.289	10.0293
11.2902	10.0322
11.2934	10.0333
11.2946	10.0363
11.2955	10.0395
11.2976	10.0417
11.2999	10.0437
11.302	10.0458
11.3042	10.0478
11.3065	10.0497
11.3087	10.0517
11.3109	10.0537
11.313	10.0558
11.3153	10.0578
11.3174	10.0598
11.3195	10.0619
11.3216	10.064
11.3239	10.066
11.326	10.0681
11.3281	10.0702
11.3302	10.0723
11.3323	10.0744
11.3344	10.0765
11.3355	10.0795
11.3375	10.0817
11.5055	9.92459
11.5575	9.87976
11.5608	9.89697
11.5644	9.89769
11.5676	10.061
11.571	10.0618
11.5742	10.0629
11.5774	10.0639
11.5814	10.0641
11.588	10.062
11.5933	10.0609
11.6009	10.0578
11.604	10.0589
11.6106	10.0567
11.6137	10.0578
11.6194	10.0564
11.6237	10.0564
11.627	10.0573
11.6324	10.0562
11.6357	10.0571
11.6411	10.056
11.6531	10.0487
11.6869	10.021
11.6922	10.0201
11.6985	10.0181
11.7029	10.018
11.7095	10.0159
11.7116	10.0179
11.7191	10.0149
11.721	10.0171
11.7308	10.0119
11.7318	10.015
11.7395	10.0118
11.7416	10.0138
11.7493	10.0107
11.7513	10.0128
11.762	10.0068
11.763	10.0099
11.773	10.0045
11.775	10.0067
11.7825	10.0037
11.7847	10.0056
11.8141	9.98237
11.8173	9.98344
11.8251	9.98022
11.8304	9.97924
11.8325	9.98125
11.8346	9.98328
11.8432	9.97933
11.8442	9.98237
11.8544	9.97693
11.857	9.97854
11.8679	9.9724
11.87	9.97442
11.8787	9.97046
11.8797	9.97349
11.8888	9.96907
11.8908	9.9712
11.9006	9.9661
11.9028	9.96809
11.9146	9.96123
11.9166	9.96335
11.9243	9.96025
11.9252	9.96327
11.9471	9.94727
11.9491	9.94939
11.9613	9.94223
11.9634	9.94422
11.9691	9.943
11.9701	9.94601
11.9801	9.94083
11.9821	9.94295
11.9951	9.93504
11.9971	9.93716
12.0092	9.93013
12.0113	9.93212
12.0178	9.93018
12.0199	9.93217
12.0289	9.92792
12.0313	9.92967
12.0446	9.92157
12.0468	9.92347
12.0597	9.91578
12.0607	9.91877
12.0684	9.91577
12.0694	9.91876
12.087	9.90688
12.089	9.90898
12.1014	9.90176
12.1035	9.9037
12.1092	9.90249
12.1112	9.90459
12.121	9.89973
12.1231	9.90172
12.1252	9.90369
12.1381	9.89604
12.1402	9.89802
12.1533	9.89024
12.1545	9.89305
12.1597	9.89225
12.1618	9.89424
12.1726	9.88856
12.1737	9.89137
12.1876	9.88297
12.1888	9.88569
12.2028	9.87716
12.204	9.87997
12.2092	9.87917
12.2113	9.88114
12.2274	9.87085
12.2299	9.87244
12.2425	9.86522
12.2436	9.86807
12.251	9.86535
12.2533	9.86714
12.2628	9.8626
12.265	9.86454
12.2789	9.8562
12.2801	9.85889
12.2942	9.85043
12.2965	9.85221
12.3007	9.85233
12.303	9.85412
12.3139	9.84844
12.3162	9.85018
12.3292	9.84271
12.3316	9.84435
12.3455	9.83612
12.3476	9.83803
12.3508	9.83911
12.353	9.84093
12.369	9.8309
12.3711	9.83283
12.3827	9.82656
12.3849	9.8284
12.3946	9.8238
12.3968	9.82571
12.4032	9.82394
12.4053	9.82587
12.4214	9.81581
12.4238	9.81745
12.4378	9.80922
12.439	9.81195
12.441	9.814
12.4475	9.81213
12.4485	9.81503
12.4595	9.80933
12.4618	9.81114
12.4763	9.80243
12.4783	9.80448
12.4922	9.79633
12.4932	9.79922
12.4978	9.79905
12.4998	9.8011
12.5137	9.793
12.5147	9.79588
12.5287	9.78768
12.5297	9.79056
12.5406	9.785
12.5426	9.78704
12.5491	9.78524
12.5511	9.78727
12.5651	9.7791
12.5672	9.78102
12.5822	9.77203
12.5875	9.77129
12.5899	9.77298
12.5919	9.77501
12.5963	9.77497
12.5983	9.777
12.6115	9.76954
12.6125	9.7724
12.6278	9.76327
12.6299	9.76514
12.6416	9.75905
12.6426	9.76191
12.648	9.76103
12.649	9.76389
12.6641	9.75492
12.6662	9.75682
12.6793	9.74956
12.6815	9.7514
12.6901	9.74788
12.6922	9.74979
12.6999	9.74708
12.7019	9.7491
12.7162	9.74084
12.7183	9.7427
12.7356	9.73202
12.7377	9.73393
12.742	9.73406
12.7443	9.73578
12.7488	9.73571
12.7509	9.7376
12.753	9.73949
12.7658	9.73253
12.7679	9.73444
12.7809	9.72734
12.7831	9.7292
12.7942	9.72367
12.7964	9.72551
12.8016	9.72482
12.8028	9.7275
12.815	9.72108
12.8175	9.72262
12.8326	9.71389
12.835	9.71554
12.8434	9.7122
12.8458	9.71392
12.8531	9.71153
12.8553	9.71338
12.8693	9.70549
12.8715	9.70728
12.8877	9.69767
12.8899	9.69952
12.8954	9.69863
12.8977	9.70038
12.9031	9.69954
12.9052	9.70141
12.9194	9.6935
12.9217	9.69517
12.9344	9.68846
12.9369	9.69005
12.9491	9.68371
12.9512	9.6856
12.9568	9.68466
12.9591	9.68643
12.9722	9.67941
12.9745	9.6811
12.9892	9.67284
12.9915	9.67453
12.9988	9.67221
13.001	9.67406
13.0073	9.67249
13.0129	9.67155
13.0214	9.66829
13.0238	9.66996
13.0398	9.66062
13.042	9.66246
13.0495	9.66003
13.0507	9.6626
13.0582	9.66014
13.0593	9.6628
13.0733	9.65514
13.0757	9.65677
13.0923	9.64709
13.0944	9.64895
13.0965	9.6508
13.1051	9.64749
13.1072	9.64934
13.1105	9.65029
13.1115	9.65304
13.1266	9.64454
13.1288	9.6463
13.1437	9.63805
13.1447	9.6408
13.1548	9.6363
13.1558	9.63904
13.1656	9.63481
13.1665	9.63755
13.1788	9.63139
13.1808	9.63334
13.1962	9.62467
13.1982	9.62662
13.2071	9.6231
13.2091	9.62505
13.2166	9.62265
13.2176	9.62539
13.2298	9.61929
13.2319	9.6211
13.2494	9.61086
13.2515	9.61271
13.2581	9.61101
13.2591	9.61374
13.2692	9.60932
13.2702	9.61204
13.2747	9.61198
13.2767	9.61393
13.2907	9.60646
13.2929	9.60822
13.307	9.60073
13.309	9.60267
13.318	9.5991
13.32	9.60104
13.3291	9.59746
13.3301	9.60017
13.3409	9.59522
13.343	9.59704
13.3591	9.588
13.3601	9.5907
13.3703	9.58627
13.3723	9.58821
13.378	9.58719
13.3802	9.589
13.3929	9.58261
13.3951	9.5844
13.4101	9.57628
13.4123	9.57798
13.422	9.57395
13.423	9.57664
13.4331	9.57237
13.434	9.57505
13.4353	9.57757
13.4405	9.57701
13.4427	9.57874
13.4577	9.57062
13.4599	9.57242
13.4739	9.56512
13.4751	9.56759
13.4814	9.56617
13.4836	9.56797
13.4935	9.56381
13.4962	9.56519
13.5047	9.5621
13.5071	9.56372
13.523	9.55496
13.5252	9.55673
13.5371	9.55109
13.5384	9.55352
13.5449	9.552
13.547	9.55381
13.5576	9.54911
13.5599	9.55077
13.5738	9.54365
13.5761	9.5453
13.5857	9.54143
13.5878	9.54323
13.5976	9.53927
13.5998	9.54096
13.6074	9.53865
13.6085	9.54121
13.6224	9.5341
13.6235	9.53664
13.6383	9.52886
13.6406	9.53055
13.6469	9.52921
13.6491	9.53092
13.6596	9.52638
13.6619	9.52806
13.6702	9.52518
13.6724	9.52689
13.6868	9.51948
13.6879	9.52203
13.701	9.51557
13.7034	9.51715
13.7108	9.51497
13.712	9.51746
13.7228	9.51279
13.7251	9.51446
13.7377	9.50834
13.7402	9.50989
13.752	9.50441
13.7542	9.50619
13.7652	9.50134
13.7673	9.5031
13.7749	9.50086
13.7773	9.50239
13.7879	9.49787
13.7902	9.49951
13.7922	9.5014
13.8065	9.49415
13.8075	9.49676
13.8165	9.49338
13.8185	9.49526
13.8293	9.49062
13.8313	9.4925
13.84	9.48943
13.8419	9.4913
13.8552	9.48488
13.8571	9.48676
13.8697	9.48085
13.8719	9.48257
13.8804	9.47959
13.8827	9.48122
13.8924	9.47746
13.8943	9.47933
13.9073	9.47313
13.9083	9.47573
13.9193	9.47097
13.9215	9.47271
13.9321	9.46822
13.9343	9.46993
13.943	9.46692
13.9451	9.46865
13.956	9.46401
13.9581	9.46576
13.9635	9.46513
13.9655	9.467
13.9777	9.46142
13.98	9.46305
13.9902	9.4589
13.9922	9.46076
14.0033	9.45596
14.0043	9.45853
14.0164	9.45306
14.0174	9.45563
14.0297	9.44994
14.0317	9.45179
14.0461	9.44467
14.0471	9.44724
14.0566	9.4436
14.0576	9.44617
14.0681	9.44192
14.0702	9.44367
14.0827	9.43789
14.0847	9.43974
14.0944	9.43606
14.0953	9.43862
14.1074	9.43324
14.1094	9.435
14.1194	9.4311
14.1214	9.43294
14.131	9.4293
14.1331	9.43104
14.1401	9.42932
14.1411	9.43188
14.1542	9.42571
14.1562	9.42755
14.165	9.42449
14.167	9.42633
14.1692	9.42798
14.1798	9.42371
14.1823	9.42516
14.1923	9.42128
14.1944	9.423
14.2073	9.41703
14.2095	9.41874
14.2211	9.41369
14.2236	9.41519
14.2323	9.41224
14.2345	9.41386
14.2442	9.41021
14.2465	9.41181
14.2596	9.40579
14.2608	9.40819
14.2702	9.40475
14.2723	9.40646
14.2831	9.40203
14.2852	9.40377
14.296	9.39937
14.2972	9.40176
14.3077	9.39753
14.3102	9.39902
14.3155	9.39847
14.3176	9.40021
14.3318	9.39343
14.333	9.39581
14.3425	9.39236
14.3436	9.39476
14.3552	9.38979
14.3564	9.39219
14.368	9.38727
14.3693	9.38955
14.381	9.38455
14.3821	9.38694
14.3937	9.38201
14.3961	9.38354
14.4037	9.38145
14.4061	9.38298
14.4169	9.37863
14.419	9.38036
14.4341	9.37298
14.4364	9.37459
14.4442	9.3723
14.4465	9.37388
14.4583	9.36888
14.4604	9.37056
14.4712	9.36624
14.4734	9.36792
14.484	9.3637
14.4863	9.36534
14.4928	9.36395
14.4953	9.3654
14.5092	9.35896
14.5115	9.36051
14.519	9.35853
14.5213	9.36011
14.533	9.35515
14.5353	9.35677
14.5448	9.35333
14.5471	9.35493
14.5492	9.35663
14.5588	9.35318
14.5608	9.35498
14.5722	9.35026
14.5732	9.35274
14.5851	9.34767
14.5861	9.35015
14.5968	9.34596
14.599	9.34763
14.6134	9.34088
14.6144	9.34336
14.6228	9.34075
14.6247	9.34254
14.6367	9.3375
14.6388	9.33918
14.6496	9.33493
14.6519	9.33651
14.6616	9.33302
14.6799	9.32367
14.6821	9.32533
14.6844	9.3269
14.6886	9.32713
14.6896	9.32959
14.6972	9.32756
14.6982	9.33002
14.7111	9.32436
14.7131	9.32614
14.7241	9.32179
14.726	9.32357
14.7306	9.3236
14.7326	9.32538
14.7447	9.32024
14.7457	9.32269
14.7578	9.31766
14.7587	9.32011
14.7687	9.31647
14.7708	9.31814
14.7763	9.31757
14.7783	9.31934
14.7851	9.31784
14.7871	9.31961
14.7969	9.31607
14.7979	9.31851
14.8108	9.31292
14.8128	9.31469
14.8249	9.30961
14.8271	9.31126
14.8498	9.29909
14.8518	9.30086
14.8583	9.29956
14.8593	9.30199
14.8661	9.30049
14.8683	9.30214
14.8761	9.3
14.8781	9.30177
14.892	9.2955
14.8942	9.29716
14.9049	9.29306
14.907	9.29472
14.9155	9.29215
14.9176	9.2938
14.9294	9.28903
14.9304	9.29145
14.9325	9.29312
14.941	9.29053
14.9432	9.29216
14.9548	9.28748
14.9571	9.28905
14.9666	9.28578
14.9687	9.28746
14.9761	9.28564
14.9783	9.2872
14.985	9.28583
14.9873	9.2874
15.0002	9.28189
15.067	9.24082
15.078	9.23667
15.0802	9.23827
15.0962	9.23086
15.0984	9.23243
15.1004	9.23417
15.1026	9.23574
15.1046	9.23748
15.107	9.23899
15.11	9.24001
15.1124	9.2415
15.1145	9.24316
15.1167	9.24479
15.1198	9.24577
15.1221	9.24732
15.177	9.2145
15.1791	9.21615
15.1812	9.21781
15.1834	9.21944
15.1886	9.21906
15.1909	9.22059
15.1919	9.22297
15.1941	9.22459
15.1962	9.22625
15.1973	9.22855
15.1992	9.23028
15.2017	9.23168
15.2037	9.23341
15.206	9.23493
15.207	9.2373
15.2091	9.23896
15.2155	9.23782
15.2168	9.24001
15.2199	9.24101
15.222	9.24262
15.2241	9.24427
15.2262	9.24592
15.2283	9.24757
15.2305	9.24919
15.2327	9.25077
15.2349	9.25237
15.237	9.25402
15.2391	9.25565
15.2422	9.25664
15.2445	9.25814
15.2823	9.23664
15.2834	9.23892
15.2866	9.23988
15.2877	9.24215
15.2929	9.24177
15.2942	9.24398
15.2974	9.24489
15.2997	9.24644
15.304	9.24663
15.3061	9.24826
15.3082	9.2499
15.3103	9.25154
15.3124	9.25317
15.3167	9.2534
15.3188	9.25504
15.3209	9.25667
15.323	9.25829
15.3295	9.25707
15.332	9.25845
15.3374	9.25796
15.3394	9.25968
15.3472	9.25766
15.3481	9.26001
15.3547	9.25879
15.3567	9.2605
15.3633	9.25917
15.3653	9.26088
15.3708	9.26035
15.373	9.26193
15.3796	9.2606
15.3806	9.26295
15.4045	9.2506
15.4064	9.2523
15.4109	9.25241
15.4129	9.25412
15.4204	9.25227
15.4214	9.25461
15.4285	9.25305
15.4304	9.25475
15.436	9.25418
15.4383	9.25568
15.4447	9.25454
15.4456	9.25688
15.4511	9.25638
15.4532	9.25798
15.4596	9.25682
15.4617	9.25844
15.4672	9.25794
15.4691	9.25964
15.4823	9.25419
15.4843	9.25589
15.4918	9.25401
15.4928	9.25633
15.5016	9.2537
15.5036	9.25539
15.5145	9.2514
15.5154	9.25372
15.5232	9.2517
15.5252	9.2534
15.5352	9.25002
15.5373	9.25162
15.5448	9.24978
15.5468	9.25147
15.5687	9.2405
15.5697	9.24281
15.5751	9.24231
15.5771	9.244
15.5858	9.24142
15.5878	9.2431
15.5987	9.23914
15.5997	9.24145
15.6086	9.23872
15.6108	9.2403
15.6188	9.23814
15.6208	9.23982
15.6275	9.23854
15.6295	9.24022
15.6318	9.2417
15.6413	9.23861
15.6436	9.2401
15.6522	9.23758
15.6544	9.23916
15.6672	9.23397
15.6684	9.23619
15.6781	9.23299
15.6792	9.23518
15.689	9.23196
15.6912	9.23351
15.7018	9.22973
15.704	9.23128
15.7116	9.22943
15.7139	9.2309
15.7245	9.22721
15.7256	9.22941
15.7353	9.22627
15.7377	9.22764
15.7593	9.21707
15.7604	9.21924
15.7692	9.21669
15.7715	9.21817
15.781	9.21514
15.7832	9.21663
15.7916	9.2143
15.7927	9.21649
15.8022	9.21352
15.8046	9.21492
15.8152	9.21121
15.8164	9.21335
15.8242	9.21142
15.8265	9.21286
15.8382	9.20849
15.8403	9.21006
15.8477	9.20839
15.85	9.20983
15.8627	9.20484
15.865	9.20633
15.8746	9.20328
15.8769	9.20474
15.8876	9.20101
15.8985	9.19711
15.9006	9.19868
15.9027	9.20026
15.908	9.19987
15.9104	9.20128
15.9211	9.19755
15.9237	9.19883
15.9312	9.19709
15.9334	9.19858
15.9507	9.19084
15.9528	9.1924
15.9623	9.18942
15.9648	9.19077
15.9767	9.18635
15.9788	9.18789
15.9864	9.18611
15.989	9.18739
15.9964	9.18567
15.9986	9.18723
16.0049	9.18622
16.007	9.18776
16.0123	9.1874
16.0147	9.1888
16.0266	9.18437
16.0288	9.18588
16.0372	9.18357
16.0394	9.1851
16.0533	9.17944
16.0557	9.18084
16.0577	9.18248
16.0688	9.17857
16.0707	9.18021
16.0833	9.17542
16.0855	9.17693
16.0968	9.17289
16.0978	9.17513
16.1057	9.17318
16.1078	9.17473
16.1205	9.16983
16.1215	9.17207
16.1336	9.1676
16.1346	9.16984
16.1474	9.16489
16.1494	9.16652
16.1591	9.1635
16.1612	9.16503
16.172	9.16133
16.1741	9.16288
16.1826	9.1606
16.1848	9.16208
16.1939	9.15944
16.196	9.16097
16.2047	9.15856
16.2057	9.16078
16.2136	9.15885
16.2157	9.16036
16.2268	9.15655
16.2289	9.15809
16.2412	9.15352
16.2432	9.15514
16.2565	9.14993
16.2585	9.15155
16.2651	9.15043
16.2661	9.15264
16.2769	9.14894
16.2791	9.15046
16.2909	9.14619
16.2919	9.1484
16.3017	9.14534
16.3037	9.14696
16.3124	9.14454
16.3144	9.14616
16.3225	9.14413
16.3235	9.14634
16.3248	9.14834
16.3258	9.15055
16.3273	9.15242
16.3283	9.15462
16.3295	9.15673
16.3305	9.15894
16.3316	9.16105
16.3326	9.16326
16.3338	9.16533
16.3348	9.16754
16.3359	9.16967
16.3369	9.17187
16.3383	9.17386
16.3392	9.17607
16.3404	9.17815
16.3414	9.18035
16.3481	9.17915
16.3491	9.18135
16.3612	9.17692
16.3622	9.17912
16.375	9.17423
16.376	9.17643
16.3846	9.17407
16.3856	9.17627
16.3974	9.17207
16.3983	9.17426
16.3995	9.17636
16.4005	9.17853
16.4019	9.18051
16.4133	9.17652
16.4144	9.1786
16.426	9.17449
16.5139	9.1253
16.5154	9.12717
16.5166	9.12924
16.5176	9.13142
16.5187	9.13351
16.5197	9.13569
16.5209	9.13775
16.5219	9.13993
16.523	9.14201
16.524	9.14419
16.5252	9.14627
16.5262	9.14845
16.5274	9.15051
16.5283	9.15269
16.5295	9.15475
16.5305	9.15693
16.5317	9.15899
16.5327	9.16117
16.5339	9.16324
16.5349	9.16542
16.5362	9.1674
16.5379	9.16913
16.5391	9.17117
16.5415	9.17256
16.5428	9.17454
16.5447	9.17617
16.5458	9.17825
16.5696	9.16701
16.5707	9.16911
16.5717	9.17128
16.5728	9.17336
16.588	9.16715
16.5892	9.16924
16.5902	9.17141
16.5913	9.17347
16.5923	9.17564
16.5934	9.17774
16.5944	9.17988
16.596	9.1817
16.597	9.18387
16.5984	9.18583
16.5993	9.188
16.6004	9.1901
16.6014	9.19226
16.6026	9.19434
16.6036	9.19651
16.6051	9.19835
16.6061	9.20051
16.6072	9.2026
16.6082	9.20476
16.6095	9.20675
16.6105	9.20891
16.6116	9.21099
16.6126	9.21314
16.6139	9.21516
16.6149	9.21728
16.616	9.21936
16.6174	9.22133
16.6187	9.2233
16.6197	9.22546
16.6208	9.22754
16.6226	9.22923
16.6237	9.23132
16.6247	9.23348
16.626	9.23545
16.6295	9.2361
16.6306	9.2382
16.6341	9.23887
16.6353	9.24093
16.6382	9.24194
16.6393	9.24401
16.642	9.24521
16.6431	9.24729
16.6877	9.22372
16.6888	9.2258
16.6898	9.22795
16.6909	9.23002
16.6919	9.23217
16.693	9.23425
16.694	9.2364
16.6951	9.23847
16.6961	9.24062
16.6972	9.24269
16.6982	9.24484
16.6993	9.24692
16.7003	9.24907
16.7014	9.25115
16.7024	9.2533
16.7218	9.2446
16.7228	9.24675
16.7239	9.24882
16.7249	9.25097
16.7261	9.25301
16.7271	9.25515
16.7282	9.25721
16.7292	9.25935
16.7303	9.26142
16.7313	9.26357
16.7324	9.26563
16.7334	9.26777
16.7347	9.26973
16.7357	9.27187
16.7369	9.2739
16.7523	9.26752
16.7535	9.26959
16.7545	9.27173
16.7556	9.27379
16.7566	9.27593
16.7585	9.27753
16.7595	9.27967
16.7606	9.28173
16.7616	9.28387
16.7816	9.27481
16.7826	9.27695
16.7837	9.279
16.7847	9.28114
16.7926	9.27923
16.7935	9.28136
16.7947	9.28343
16.7956	9.28556
16.7968	9.28761
16.8003	9.28827
16.8014	9.29033
16.8048	9.29105
16.8059	9.2931
16.8069	9.29524
16.8081	9.29725
16.809	9.29938
16.8102	9.30142
16.8112	9.30355
16.8127	9.30534
16.8137	9.30747
16.8149	9.30953
16.8158	9.31166
16.817	9.31366
16.818	9.31579
16.8191	9.31785
16.8316	9.31142
